-0.65
-1.7
-2.15
-2.1
-1.88
-1.41
-1.65
-0.74
-1.47
-1.02
-1.26
-2.1
-1.77
-0.75
-0.56
-0.64
-1.05
-1.35
-1.5
-1.32
-1.98
-2.16
-1.47
-1.88
-1.32
-1.27
-1.2
-1.98
-1.53
-1.9
-1.01
-1.98
-1.18
-0.69
-0.59
-1.03
-0.91
-2.15
-0.23
-0.46
-1.79
-0.37
-1.62
-1.26
-1.1
-0.4
-1.29
-1.43
-1.14
-1.8
-2.17
-1.85
-2.27
-1.53
-1.69
-1.91
-1.29
-1.59
-1.62
-1.76
-1.02
-1.28
-1.56
-2.07
-1.74
-0.45
-1.25
-1.37
-1.41
-1
-0.99
-0.33
-1.5
-1.23
-1.34
-1.4
-1.81
-0.76
-0.44
-0.95
-0.64
-0.81
-1.02
-1.94
-0.4
-1.42
-2.27
-1.26
-1.92
-1.63
-1.59
-1.41
-2.23
-1.98
-0.49
-1.37
-1.99
-0.45
-0.55
-0.4
-0.64
-1.02
-0.63
-1.32
-1.26
-1.75
-1.65
-1.78
-1.6
-1.68
-1.75
-0.55
-0.36
-0.46
-0.18
-0.32
-1.52
-0.85
-1.5
-2.02
-0.11
-1.49
-2.31
-1.7
-1.54
-1.18
-0.72
-1.29
-1.16
-0.78
-2.37
-1.53
